0 0.96875 0.3078125000000001 0.8828125 0.3078125000000001 0.8828125 0.39531250000000007 0.96875 0.39531250000000007
0 0.8015625 0.3031250000000001 0.76875 0.3031250000000001 0.76875 0.4234375000000002 0.8015625 0.4234375000000002
0 0.1765625000000001 0.759375 0.07968750000000009 0.759375 0.0796875000000001 0.8875 0.1765625000000001 0.8875
0 0.2750000000000001 0.671875 0.1843750000000001 0.671875 0.1843750000000001 0.8265625 0.2750000000000001 0.8265625
0 0.5640625 0.590625 0.496875 0.590625 0.496875 0.7203125 0.5640625 0.7203125
0 0.34062500000000007 0.546875 0.26250000000000007 0.546875 0.26250000000000007 0.6671875 0.34062500000000007 0.6671875
0 0.2234375000000001 0.5015625 0.16406250000000006 0.5015625 0.16406250000000006 0.603125 0.2234375000000001 0.603125
0 0.43125 0.3968750000000001 0.3843750000000001 0.3968750000000001 0.3843750000000001 0.4921875 0.43125 0.4921875
0 0.5078125 0.3125000000000001 0.4171875 0.3125000000000001 0.4171875 0.409375 0.5078125 0.409375
0 0.16562500000000005 0.2140625 0.11718750000000004 0.2140625 0.11718750000000004 0.321875 0.16562500000000005 0.321875
0 0.31093750000000003 0.3 0.2390625 0.3 0.23906250000000004 0.39375 0.3109375000000001 0.39375
0 0.2640625000000001 0.3640625 0.22812500000000008 0.3640625 0.22812500000000008 0.4578125 0.2640625000000001 0.4578125
0 0.22968750000000004 0.3625 0.16718750000000004 0.3625 0.16718750000000004 0.4578125 0.2296875000000001 0.4578125