0 0.6609375 0.13281250000000008 0.6140625 0.13281250000000008 0.6140625 0.1765625000000001 0.6609375 0.1765625000000001
0 0.7703125 0.38750000000000007 0.7 0.38750000000000007 0.7 0.4390625000000001 0.7703125 0.4390625000000002
0 0.8328125 0.5015625000000001 0.76875 0.5015625000000001 0.76875 0.5453125000000002 0.8328125 0.5453125000000002
0 0.9734375 0.5281250000000002 0.9265625 0.5281250000000002 0.9265625 0.5703125000000002 0.9734375 0.5703125000000002
0 0.96875 0.41718750000000016 0.903125 0.41718750000000016 0.903125 0.4593750000000002 0.96875 0.4593750000000002
0 0.7734375 0.4546875000000001 0.715625 0.4546875 0.715625 0.5140625000000001 0.7734375 0.5140625000000002
0 0.7890625 0.5890625000000002 0.7453125 0.5890625000000002 0.7453125 0.6437500000000002 0.7890625 0.6437500000000002
0 0.7546875 0.6234375000000001 0.7078125 0.6234375 0.7078125 0.6546875000000001 0.7546875 0.6546875000000002
0 0.7703125000000002 0.7359375000000001 0.7156250000000002 0.7359375 0.7156250000000002 0.7671875000000001 0.7703125000000002 0.7671875000000001
0 0.7765625 0.6906250000000002 0.7265625 0.6906250000000002 0.7265625000000001 0.7312500000000002 0.7765625000000002 0.7312500000000002
0 0.9296875 0.7625000000000002 0.8578125 0.7625000000000002 0.8578125 0.8296875 0.9296875 0.8296875
0 0.9453125 0.6875000000000002 0.890625 0.6875000000000002 0.890625 0.7343750000000002 0.9453125 0.7343750000000002
0 0.7046875000000001 0.903125 0.6531250000000002 0.903125 0.6531250000000002 0.9515625 0.7046875000000001 0.9515625
0 0.7281250000000001 0.8671875 0.6656250000000001 0.8671875 0.6656250000000001 0.9109375 0.7281250000000001 0.9109375
0 0.7375000000000002 0.7671875000000001 0.6812500000000001 0.7671875 0.6812500000000001 0.8171875 0.7375000000000002 0.8171875
0 0.7250000000000002 0.828125 0.6625000000000002 0.828125 0.6625000000000002 0.8609375 0.7250000000000002 0.8609375
0 0.659375 0.603125 0.6078125 0.603125 0.6078125 0.6515625 0.659375 0.6515625
0 0.6656250000000001 0.7109375 0.6125 0.7109375 0.6125 0.75625 0.6656250000000001 0.75625
0 0.6125000000000002 0.7625 0.5390625000000002 0.7625 0.5390625000000002 0.8109375 0.6125000000000002 0.8109375
0 0.6312500000000002 0.8140625 0.5750000000000002 0.8140625 0.5750000000000002 0.8671875 0.6312500000000002 0.8671875
0 0.6593750000000002 0.934375 0.6078125000000002 0.934375 0.6078125000000002 0.9859375 0.6593750000000002 0.9859375
0 0.825 0.1921875000000001 0.7390625 0.1921875000000001 0.7390625 0.2406250000000001 0.825 0.2406250000000001
0 0.734375 0.09687500000000009 0.66875 0.09687500000000009 0.66875 0.14843750000000008 0.734375 0.14843750000000008
0 0.70625 0.042187500000000086 0.6375 0.04218750000000008 0.6375 0.08906250000000009 0.70625 0.08906250000000009
0 0.565625 0.2062500000000001 0.4921875 0.2062500000000001 0.4921875 0.2390625000000001 0.565625 0.2390625000000001
0 0.5125 0.21875000000000008 0.4546875 0.21875000000000008 0.4546875 0.2578125000000001 0.5125 0.2578125000000001
0 0.5953125 0.465625 0.5140625 0.465625 0.5140625 0.5265625 0.5953125 0.5265625
0 0.5296875 0.3531250000000001 0.465625 0.3531250000000001 0.465625 0.4015625 0.5296875 0.4015625
0 0.4125 0.27187500000000003 0.3609375 0.271875 0.3609375 0.31875000000000003 0.4125 0.3187500000000001
0 0.2921875 0.271875 0.2453125 0.271875 0.2453125 0.3125 0.2921875 0.3125
0 0.4609375 0.54375 0.3890625000000001 0.54375 0.3890625000000001 0.5890625 0.4609375 0.5890625
0 0.5203125 0.6625 0.465625 0.6625 0.465625 0.7140625 0.5203125 0.7140625
0 0.3750000000000001 0.7046875 0.3281250000000001 0.7046875 0.3281250000000001 0.753125 0.3750000000000001 0.753125
0 0.3234375000000001 0.71875 0.2812500000000001 0.71875 0.2812500000000001 0.7546875 0.3234375000000001 0.7546875
0 0.3890625000000001 0.771875 0.32500000000000007 0.771875 0.32500000000000007 0.8234375 0.3890625000000001 0.8234375
0 0.4671875000000002 0.7796875 0.4046875000000002 0.7796875 0.4046875000000002 0.8328125 0.4671875000000002 0.8328125
0 0.1062500000000001 0.784375 0.05156250000000009 0.784375 0.0515625000000001 0.8359375 0.1062500000000001 0.8359375