0 0.3843750000000001 0.8671875 0.30156250000000007 0.8671875 0.30156250000000007 0.928125 0.3843750000000001 0.928125
0 0.3000000000000001 0.778125 0.2093750000000001 0.778125 0.2093750000000001 0.8609375 0.3000000000000001 0.8609375
0 0.4500000000000002 0.8234375 0.3734375000000001 0.8234375 0.3734375000000001 0.896875 0.4500000000000002 0.896875
0 0.5859375000000002 0.7421875 0.5109375000000002 0.7421875 0.5109375000000002 0.8125 0.5859375000000002 0.8125
0 0.8046875 0.6562500000000001 0.721875 0.65625 0.721875 0.7250000000000001 0.8046875 0.7250000000000002
0 0.6875000000000001 0.6765625 0.603125 0.6765625 0.6031250000000001 0.734375 0.6875000000000002 0.734375
0 0.5625 0.5921875 0.48125 0.5921875 0.48125 0.6609375 0.5625 0.6609375
0 0.37187500000000007 0.5859375 0.3031250000000001 0.5859375 0.3031250000000001 0.6578125 0.37187500000000007 0.6578125
0 0.3125000000000001 0.584375 0.22812500000000008 0.584375 0.22812500000000008 0.6703125 0.3125000000000001 0.6703125
0 0.30156250000000007 0.5140625 0.22031250000000008 0.5140625 0.22031250000000008 0.5765625 0.30156250000000007 0.5765625
0 0.2468750000000001 0.4765625 0.16875000000000004 0.4765625 0.16875000000000007 0.5453125 0.2468750000000001 0.5453125
0 0.12343750000000009 0.5765625 0.03906250000000007 0.5765625 0.03906250000000007 0.65 0.12343750000000009 0.65
0 0.08437500000000006 0.4609375 0.023437500000000056 0.4609375 0.023437500000000062 0.53125 0.08437500000000006 0.53125
0 0.29375000000000007 0.3625 0.2375 0.3625 0.23750000000000004 0.4140625 0.29375000000000007 0.4140625
0 0.2609375000000001 0.378125 0.18593750000000003 0.378125 0.18593750000000003 0.453125 0.2609375000000001 0.453125
0 0.09687500000000004 0.30625 0.046875000000000035 0.30625 0.04687500000000004 0.365625 0.09687500000000004 0.365625
0 0.14375000000000004 0.2015625 0.051562500000000025 0.2015625 0.05156250000000003 0.28125 0.14375000000000004 0.28125
0 0.2828125 0.2921875 0.2125 0.2921875 0.2125 0.3421875 0.2828125 0.3421875
0 0.2890625 0.25 0.2125 0.25 0.2125 0.29375 0.2890625 0.29375
0 0.4 0.35781250000000003 0.3359375 0.3578125 0.33593750000000006 0.4296875 0.4 0.4296875
0 0.4953125 0.4765625 0.4125 0.4765625 0.4125 0.559375 0.4953125 0.559375
0 0.6234375 0.3937500000000001 0.525 0.3937500000000001 0.525 0.4859375 0.6234375 0.4859375
0 0.5234375 0.2921875000000001 0.4703125 0.2921875000000001 0.4703125 0.3546875000000001 0.5234375 0.3546875000000001
0 0.38125 0.24375000000000005 0.3140625 0.24375 0.3140625 0.32031250000000006 0.38125 0.3203125000000001
0 0.303125 0.19531250000000006 0.240625 0.19531250000000006 0.240625 0.275 0.303125 0.275
0 0.3078125 0.10937500000000004 0.2390625 0.10937500000000004 0.2390625 0.17656250000000004 0.3078125 0.17656250000000004
0 0.38125 0.020312500000000042 0.3 0.02031250000000004 0.3 0.09687500000000004 0.38125 0.09687500000000004
0 0.4078125 0.13437500000000005 0.3421875 0.13437500000000005 0.3421875 0.20781250000000004 0.4078125 0.2078125000000001
0 0.4328125 0.18750000000000006 0.3796875 0.18750000000000006 0.3796875 0.2671875000000001 0.4328125 0.2671875000000001
0 0.5796875 0.14375000000000007 0.4984375 0.14375000000000004 0.4984375 0.23437500000000008 0.5796875 0.23437500000000008
0 0.721875 0.21250000000000008 0.6640625 0.21250000000000008 0.6640625 0.2812500000000001 0.721875 0.2812500000000001
0 0.6671875 0.24218750000000008 0.6046875 0.24218750000000008 0.6046875 0.3000000000000001 0.6671875 0.3000000000000001
0 0.6859375 0.1453125000000001 0.575 0.1453125000000001 0.575 0.2328125000000001 0.6859375 0.2328125000000001
0 0.9390625 0.10781250000000012 0.85625 0.10781250000000009 0.85625 0.2078125000000001 0.9390625 0.2078125000000001
0 0.4281250000000002 0.93125 0.3312500000000001 0.93125 0.3312500000000001 0.9953125 0.4281250000000002 0.9953125