0 0.3671875000000001 0.6703125 0.3234375000000001 0.6703125 0.3234375000000001 0.725 0.3671875000000001 0.725
0 0.7375 0.721875 0.7015625 0.721875 0.7015625000000001 0.7703125000000001 0.7375000000000002 0.7703125000000002
0 0.5984375 0.03125000000000007 0.55 0.03125000000000007 0.55 0.09687500000000007 0.5984375 0.09687500000000007
0 0.4796875 0.025000000000000057 0.4375 0.025000000000000057 0.4375 0.07187500000000005 0.4796875 0.07187500000000006
0 0.3140625 0.06093750000000003 0.2671875 0.06093750000000002 0.2671875 0.10781250000000005 0.3140625 0.10781250000000005
0 0.2390625 0.07812500000000003 0.1671875 0.07812500000000003 0.1671875 0.14062500000000003 0.2390625 0.14062500000000006
0 0.803125 0.4937500000000002 0.7578125 0.4937500000000002 0.7578125 0.5578125000000002 0.803125 0.5578125000000002
0 0.740625 0.596875 0.696875 0.596875 0.696875 0.6546875000000001 0.740625 0.6546875000000002
0 0.9765625 0.2984375000000001 0.9296875 0.2984375000000001 0.9296875 0.3671875000000001 0.9765625 0.3671875000000001
0 0.921875 0.2765625000000001 0.8671875 0.2765625000000001 0.8671875 0.3375000000000001 0.921875 0.3375000000000001
0 0.6234375 0.2984375000000001 0.5734375 0.2984375000000001 0.5734375 0.3500000000000001 0.6234375 0.3500000000000001
0 0.6234375 0.2312500000000001 0.56875 0.2312500000000001 0.56875 0.2984375000000001 0.6234375 0.2984375000000001
0 0.665625 0.4796875 0.6078125 0.4796875 0.6078125 0.5453125 0.665625 0.5453125
0 0.54375 0.409375 0.478125 0.409375 0.478125 0.5015625 0.54375 0.5015625
0 0.30156250000000007 0.6328125 0.2515625000000001 0.6328125 0.2515625000000001 0.6859375 0.30156250000000007 0.6859375
0 0.2812500000000001 0.6921875 0.24218750000000008 0.6921875 0.24218750000000008 0.7328125 0.2812500000000001 0.7328125
0 0.22812500000000008 0.621875 0.1765625000000001 0.621875 0.1765625000000001 0.69375 0.22812500000000008 0.69375
0 0.4640625 0.55 0.4078125 0.55 0.4078125 0.621875 0.4640625 0.621875
0 0.3359375000000001 0.5015625 0.29375000000000007 0.5015625 0.29375000000000007 0.5453125 0.3359375000000001 0.5453125
0 0.2171875000000001 0.54375 0.16250000000000003 0.54375 0.16250000000000006 0.609375 0.2171875000000001 0.609375
0 0.81875 0.1750000000000001 0.7703125 0.1750000000000001 0.7703125 0.2609375000000001 0.81875 0.2609375000000001
0 0.5515625 0.22812500000000008 0.496875 0.22812500000000008 0.496875 0.28593750000000007 0.5515625 0.28593750000000007
0 0.39843750000000006 0.34218750000000003 0.353125 0.3421875 0.353125 0.4015625 0.3984375000000001 0.4015625
0 0.23437500000000008 0.396875 0.18906250000000005 0.396875 0.18906250000000005 0.459375 0.23437500000000008 0.459375
0 0.503125 0.16875000000000004 0.4609375 0.16875000000000004 0.4609375 0.24218750000000008 0.503125 0.24218750000000008
0 0.4140625 0.21562500000000004 0.359375 0.215625 0.359375 0.259375 0.4140625 0.2593750000000001
0 0.3890625 0.2515625 0.35 0.2515625 0.35 0.2984375 0.3890625 0.2984375000000001
0 0.315625 0.2171875 0.2703125 0.2171875 0.2703125 0.2765625 0.315625 0.2765625
0 0.26875 0.234375 0.23125 0.234375 0.23125 0.2890625 0.26875 0.2890625
0 0.28906250000000006 0.340625 0.246875 0.340625 0.24687500000000004 0.39375 0.2890625000000001 0.39375
0 0.2328125 0.265625 0.17812500000000003 0.265625 0.17812500000000003 0.3234375 0.2328125 0.3234375
0 0.16875000000000004 0.2921875 0.14062500000000006 0.2921875 0.14062500000000006 0.3390625 0.16875000000000004 0.3390625
0 0.13125000000000003 0.275 0.08750000000000005 0.275 0.08750000000000005 0.334375 0.13125000000000003 0.334375
0 0.10312500000000005 0.2984375 0.04375000000000003 0.2984375 0.04375000000000004 0.3515625 0.10312500000000005 0.3515625
0 0.18437500000000004 0.3765625 0.13125000000000003 0.3765625 0.13125000000000003 0.434375 0.18437500000000004 0.434375
0 0.057812500000000044 0.3515625 0.009375000000000045 0.3515625 0.009375000000000046 0.4 0.057812500000000044 0.4