0 0.8796875 0.09375000000000011 0.825 0.09375000000000011 0.825 0.1515625000000001 0.8796875 0.1515625000000001
0 0.7718750000000002 0.909375 0.7031250000000002 0.909375 0.7031250000000002 0.971875 0.7718750000000002 0.971875
0 0.6718750000000002 0.9359375 0.6218750000000002 0.9359375 0.6218750000000002 0.9828125 0.6718750000000002 0.9828125
0 0.5031250000000002 0.9453125 0.45625000000000016 0.9453125 0.45625000000000016 0.9953125 0.5031250000000002 0.9953125
0 0.3890625000000001 0.90625 0.34062500000000007 0.90625 0.34062500000000007 0.9796875 0.3890625000000001 0.9796875
0 0.91875 0.7156250000000002 0.8734375 0.7156250000000002 0.8734375 0.7703125000000002 0.91875 0.7703125000000002
0 0.88125 0.7296875000000002 0.828125 0.7296875000000002 0.828125 0.7859375000000002 0.88125 0.7859375000000002
0 0.9625 0.6750000000000002 0.90625 0.6750000000000002 0.90625 0.7250000000000002 0.9625 0.7250000000000002
0 0.7296875000000002 0.7546875000000001 0.6875000000000002 0.7546875 0.6875000000000002 0.815625 0.7296875000000002 0.815625
0 0.7859375 0.5046875000000002 0.74375 0.5046875000000002 0.74375 0.5531250000000002 0.7859375 0.5531250000000002
0 0.8328125 0.3687500000000001 0.7734375 0.3687500000000001 0.7734375 0.43281250000000016 0.8328125 0.43281250000000016
0 0.771875 0.3156250000000001 0.7265625 0.3156250000000001 0.7265625 0.3625000000000001 0.771875 0.3625000000000001
0 0.753125 0.3625000000000001 0.7046875 0.3625000000000001 0.7046875 0.4125000000000001 0.753125 0.4125000000000002
0 0.328125 0.2125 0.2859375 0.2125 0.2859375 0.275 0.328125 0.275
0 0.8328125 0.45312500000000017 0.7828125 0.45312500000000017 0.7828125 0.5187500000000002 0.8328125 0.5187500000000002
0 0.7015625 0.4984375 0.6515625 0.4984375 0.6515625 0.54375 0.7015625 0.54375
0 0.790625 0.5750000000000002 0.74375 0.5750000000000002 0.74375 0.6562500000000002 0.790625 0.6562500000000002
0 0.825 0.7156250000000002 0.7953125 0.7156250000000002 0.7953125000000001 0.7750000000000001 0.825 0.7750000000000001
0 0.7843750000000002 0.7296875000000002 0.7296875000000002 0.7296875000000002 0.7296875000000002 0.7859375000000002 0.7843750000000002 0.7859375000000002
0 0.6921875000000002 0.765625 0.6500000000000001 0.765625 0.6500000000000001 0.815625 0.6921875000000002 0.815625
0 0.8453125 0.6296875000000002 0.790625 0.6296875000000002 0.790625 0.6828125000000002 0.8453125 0.6828125000000002
0 0.728125 0.6531250000000001 0.6828125 0.653125 0.6828125 0.7046875000000001 0.728125 0.7046875000000001
0 0.6156250000000002 0.7359375 0.5734375000000002 0.7359375 0.5734375000000002 0.78125 0.6156250000000002 0.78125
0 0.5984375000000002 0.7734375 0.5421875000000002 0.7734375 0.5421875000000002 0.8171875 0.5984375000000002 0.8171875
0 0.6234375 0.634375 0.5734375 0.634375 0.5734375 0.6859375 0.6234375 0.6859375
0 0.4984375000000002 0.7765625 0.4500000000000002 0.7765625 0.4500000000000002 0.8484375 0.4984375000000002 0.8484375
0 0.4656250000000002 0.728125 0.4125000000000002 0.728125 0.4125000000000002 0.7828125 0.4656250000000002 0.7828125
0 0.3968750000000001 0.6609375 0.34062500000000007 0.6609375 0.34062500000000007 0.7078125 0.3968750000000001 0.7078125
0 0.3921875000000001 0.703125 0.3437500000000001 0.703125 0.3437500000000001 0.7765625 0.3921875000000001 0.7765625
0 0.1921875000000001 0.7171875 0.14062500000000008 0.7171875 0.14062500000000008 0.8046875 0.1921875000000001 0.8046875
0 0.5046875 0.525 0.440625 0.525 0.440625 0.6046875 0.5046875 0.6046875
0 0.3859375000000001 0.465625 0.3437500000000001 0.465625 0.3437500000000001 0.5265625 0.3859375000000001 0.5265625
0 0.21875000000000008 0.490625 0.18750000000000006 0.490625 0.18750000000000006 0.540625 0.21875000000000008 0.540625
0 0.2390625000000001 0.43125 0.19218750000000004 0.43125 0.19218750000000004 0.4875 0.2390625000000001 0.4875
0 0.14218750000000008 0.58125 0.09218750000000006 0.58125 0.09218750000000006 0.6296875 0.14218750000000008 0.6296875
0 0.1062500000000001 0.6359375 0.050000000000000086 0.6359375 0.050000000000000086 0.6921875 0.1062500000000001 0.6921875
0 0.04843750000000008 0.59375 7.271340369937409e-17 0.59375 7.682745154025974e-17 0.6609375 0.04843750000000008 0.6609375
0 0.31718750000000007 0.3453125 0.265625 0.3453125 0.26562500000000006 0.3953125 0.31718750000000007 0.3953125
0 0.5875 0.4046875 0.5328125 0.4046875 0.5328125 0.4734375 0.5875 0.4734375