0 0.3453125 0.234375 0.2203125 0.234375 0.2203125 0.3078125 0.3453125 0.3078125
0 0.8421875 0.1218750000000001 0.728125 0.1218750000000001 0.728125 0.17343750000000008 0.8421875 0.17343750000000008
0 0.7375 0.1296875000000001 0.65625 0.1296875000000001 0.65625 0.15781250000000008 0.7375 0.15781250000000008
0 0.809375 0.42968750000000017 0.7421875 0.42968750000000017 0.7421875 0.4828125000000002 0.809375 0.4828125000000002
0 0.8484375 0.5218750000000002 0.7765625 0.5218750000000002 0.7765625 0.5640625000000001 0.8484375 0.5640625000000001
0 0.8453125 0.7187500000000002 0.76875 0.7187500000000002 0.76875 0.7640625000000002 0.8453125 0.7640625000000002
0 0.8765625 0.8125 0.7984375000000001 0.8125 0.7984375000000001 0.8328125 0.8765625 0.8328125
0 0.9359375 0.8140625 0.834375 0.8140625 0.834375 0.8796875 0.9359375 0.8796875
0 0.45781250000000007 0.6703125 0.3593750000000001 0.6703125 0.3593750000000001 0.7421875 0.4578125000000002 0.7421875
0 0.5890625000000002 0.765625 0.4984375000000002 0.765625 0.4984375000000002 0.8296875 0.5890625000000002 0.8296875
0 0.603125 0.36406250000000007 0.5203125 0.36406250000000007 0.5203125 0.4796875 0.603125 0.4796875
0 0.07968750000000002 0.1625 1.990051048614449e-17 0.1625 2.3823207264663357e-17 0.2265625 0.07968750000000002 0.2265625