0 0.85 0.9265625 0.7812500000000002 0.9265625 0.7812500000000002 1 0.85 1
0 0.17812500000000003 0.07187500000000002 0.1109375 0.07187500000000002 0.11093750000000002 0.1828125 0.17812500000000003 0.1828125
0 0.4921875 0.18125000000000005 0.41875 0.18125000000000005 0.41875 0.2375000000000001 0.4921875 0.2375000000000001
0 0.6375 0.1984375000000001 0.59375 0.1984375000000001 0.59375 0.30937500000000007 0.6375 0.30937500000000007
0 0.9984375 0.46406250000000016 0.9140625 0.46406250000000016 0.9140625 0.4984375000000002 0.9984375 0.4984375000000002
0 0.84375 0.1859375000000001 0.8109375 0.1859375000000001 0.8109375 0.2875000000000001 0.84375 0.2875000000000001
0 0.571875 0.18593750000000006 0.5046875 0.18593750000000003 0.5046875 0.2671875000000001 0.571875 0.2671875000000001
0 0.5796875 0.55 0.48125 0.55 0.48125 0.6578125 0.5796875 0.6578125
0 0.3468750000000001 0.540625 0.2750000000000001 0.540625 0.2750000000000001 0.646875 0.3468750000000001 0.646875
0 0.784375 0.6781250000000001 0.7078125 0.678125 0.7078125000000001 0.7765625 0.7843750000000002 0.7765625000000002
0 0.6375 0.4 0.51875 0.4 0.51875 0.484375 0.6375 0.484375
0 0.2375000000000001 0.4328125 0.17500000000000004 0.4328125 0.17500000000000004 0.51875 0.2375000000000001 0.51875