0 0.30625 0.07343750000000004 0.2828125 0.07343750000000004 0.2828125 0.14843750000000006 0.30625 0.14843750000000006
0 0.2796875 0.06562500000000003 0.24375 0.06562500000000002 0.24375 0.14531250000000004 0.2796875 0.14531250000000004
0 0.6625 0.16562500000000008 0.6234375 0.16562500000000008 0.6234375 0.24218750000000008 0.6625 0.24218750000000008
0 0.5671875 0.17500000000000007 0.528125 0.17500000000000004 0.528125 0.2531250000000001 0.5671875 0.2531250000000001
0 0.9796875 0.2171875000000001 0.94375 0.2171875000000001 0.94375 0.3140625000000001 0.9796875 0.3140625000000001
0 0.8421875 0.2484375000000001 0.8125 0.2484375000000001 0.8125 0.33281250000000007 0.8421875 0.33281250000000007
0 0.021875000000000106 0.809375 9.91198503059889e-17 0.809375 1.0390362686515826e-16 0.8875 0.02187500000000011 0.8875
0 0.4875 0.34843750000000007 0.384375 0.34843750000000007 0.384375 0.4765625 0.4875 0.4765625
0 0.08593750000000003 0.2640625 0.059375000000000025 0.2640625 0.05937500000000003 0.328125 0.08593750000000004 0.328125
0 0.8140625 0.5171875000000001 0.759375 0.5171875000000001 0.759375 0.6171875000000002 0.8140625 0.6171875000000002
0 0.6765625 0.6046875 0.5984375 0.6046875 0.5984375 0.7125 0.6765625 0.7125
0 0.21250000000000008 0.5640625 0.1390625000000001 0.5640625 0.1390625000000001 0.678125 0.21250000000000008 0.678125