0 0.47343750000000007 0.6796875 0.4078125 0.6796875 0.4078125000000001 0.728125 0.4734375000000002 0.728125
0 0.3921875000000001 0.696875 0.3281250000000001 0.696875 0.3281250000000001 0.7421875 0.3921875000000001 0.7421875
0 0.978125 0.42968750000000017 0.9203125 0.42968750000000017 0.9203125 0.5000000000000002 0.978125 0.5000000000000002
0 0.9515625 0.5046875000000002 0.89375 0.5046875000000002 0.89375 0.5718750000000001 0.9515625 0.5718750000000001
0 0.971875 0.5765625000000002 0.9234375 0.5765625000000002 0.9234375 0.6593750000000002 0.971875 0.6593750000000002
0 1 0.7484375000000002 0.940625 0.7484375000000002 0.940625 0.81875 1 0.81875
0 0.9234375 0.6031250000000001 0.853125 0.6031250000000001 0.853125 0.6750000000000002 0.9234375 0.6750000000000002
0 0.8171875 0.5796875000000001 0.7390625 0.5796875000000001 0.7390625 0.6437500000000002 0.8171875 0.6437500000000002
0 0.8359375 0.6531250000000002 0.73125 0.6531250000000002 0.73125 0.7125000000000001 0.8359375 0.7125000000000001
0 0.871875 0.7250000000000002 0.771875 0.7250000000000002 0.7718750000000001 0.7937500000000002 0.871875 0.7937500000000002
0 0.7484375 0.6343750000000001 0.653125 0.634375 0.653125 0.7125000000000001 0.7484375 0.7125000000000001
0 0.7328125 0.5796875000000001 0.6421875 0.5796875 0.6421875 0.6500000000000001 0.7328125 0.6500000000000001
0 0.6546875000000002 0.80625 0.5859375000000002 0.80625 0.5859375000000002 0.89375 0.6546875000000002 0.89375
0 0.4359375000000002 0.8390625 0.36406250000000007 0.8390625 0.36406250000000007 0.9265625 0.4359375000000002 0.9265625
0 0.2375000000000001 0.8203125 0.15625000000000008 0.8203125 0.1562500000000001 0.9109375 0.2375000000000001 0.9109375
0 0.31718750000000007 0.8046875 0.2531250000000001 0.8046875 0.2531250000000001 0.9 0.31718750000000007 0.9
0 0.4000000000000002 0.75 0.34062500000000007 0.75 0.34062500000000007 0.828125 0.4000000000000002 0.828125
0 0.603125 0.6390625 0.53125 0.6390625 0.53125 0.6859375 0.603125 0.6859375
0 0.3687500000000001 0.7234375 0.3625000000000001 0.7234375 0.3625000000000001 0.725 0.3687500000000001 0.725
0 0.6328125000000001 0.690625 0.5671875 0.690625 0.5671875000000001 0.771875 0.6328125000000002 0.771875
0 0.503125 0.51875 0.453125 0.51875 0.453125 0.565625 0.503125 0.565625
0 0.5421875 0.69375 0.484375 0.69375 0.4843750000000001 0.790625 0.5421875000000002 0.790625
0 0.475 0.5359375 0.40625 0.5359375 0.40625 0.6140625 0.475 0.6140625
0 0.4515625 0.59375 0.3734375000000001 0.59375 0.3734375000000001 0.659375 0.4515625 0.659375
0 0.565625 0.55 0.49375 0.55 0.49375 0.621875 0.565625 0.621875
0 0.828125 0.46875000000000017 0.7296875 0.46875000000000017 0.7296875 0.5812500000000002 0.828125 0.5812500000000002
0 0.70625 0.5171875 0.6171875 0.5171875 0.6171875 0.5625 0.70625 0.5625
0 0.659375 0.5234375 0.5671875 0.5234375 0.5671875 0.596875 0.659375 0.596875
0 0.6765625 0.46875 0.6046875 0.46875 0.6046875 0.525 0.6765625 0.525
0 0.634375 0.46875 0.5640625 0.46875 0.5640625 0.5375 0.634375 0.5375
0 0.5671875 0.4671875 0.490625 0.4671875 0.490625 0.5421875 0.5671875 0.5421875
0 0.5203125 0.48125 0.45625 0.48125 0.45625 0.5265625 0.5203125 0.5265625
0 0.33281250000000007 0.5921875 0.2578125000000001 0.5921875 0.2578125000000001 0.653125 0.33281250000000007 0.653125
0 0.09375000000000008 0.609375 0.031250000000000076 0.609375 0.031250000000000076 0.6796875 0.09375000000000008 0.6796875
0 0.03906250000000006 0.465625 5.702261658529863e-17 0.465625 6.113666442618427e-17 0.5328125 0.03906250000000007 0.5328125
0 0.15000000000000008 0.5453125 0.09062500000000007 0.5453125 0.09062500000000007 0.6140625 0.15000000000000008 0.6140625
0 0.2000000000000001 0.4734375 0.11718750000000004 0.4734375 0.11718750000000007 0.5640625 0.2000000000000001 0.5640625
0 0.2593750000000001 0.471875 0.2000000000000001 0.471875 0.2000000000000001 0.5421875 0.2593750000000001 0.5421875
0 0.515625 0.3890625000000001 0.45625 0.3890625000000001 0.45625 0.49375 0.515625 0.49375
0 0.55625 0.3828125000000001 0.496875 0.3828125000000001 0.496875 0.4828125 0.55625 0.4828125
0 0.9296875 0.3578125000000001 0.8625 0.3578125000000001 0.8625 0.44531250000000017 0.9296875 0.44531250000000017
0 0.8796875 0.3750000000000001 0.8265625 0.3750000000000001 0.8265625 0.44531250000000017 0.8796875 0.44531250000000017
0 0.828125 0.36406250000000007 0.753125 0.36406250000000007 0.753125 0.44062500000000016 0.828125 0.44062500000000016
0 0.778125 0.4046875000000001 0.7171875 0.4046875 0.7171875 0.4609375000000001 0.778125 0.46093750000000017
0 0.834375 0.3203125000000001 0.7640625 0.3203125000000001 0.7640625 0.3828125000000001 0.834375 0.3828125000000001
0 0.6859375 0.3890625000000001 0.6171875 0.3890625000000001 0.6171875 0.4703125 0.6859375 0.4703125
0 0.9359375 0.2906250000000001 0.8515625 0.2906250000000001 0.8515625 0.3578125000000001 0.9359375 0.3578125000000001
0 0.95 0.1906250000000001 0.8640625 0.1906250000000001 0.8640625 0.2921875000000001 0.95 0.2921875000000001
0 0.621875 0.2718750000000001 0.559375 0.2718750000000001 0.559375 0.34843750000000007 0.621875 0.34843750000000007
0 0.578125 0.2828125000000001 0.521875 0.2828125000000001 0.521875 0.3625000000000001 0.578125 0.3625000000000001
0 0.7265625 0.2015625000000001 0.640625 0.2015625000000001 0.640625 0.33281250000000007 0.7265625 0.33281250000000007
0 0.490625 0.22812500000000008 0.428125 0.22812500000000008 0.428125 0.2843750000000001 0.490625 0.2843750000000001
0 0.490625 0.2515625000000001 0.421875 0.2515625000000001 0.421875 0.36406250000000007 0.490625 0.36406250000000007
0 0.30156250000000007 0.4078125 0.21875000000000008 0.4078125 0.21875000000000008 0.4609375 0.30156250000000007 0.4609375
0 0.4234375 0.35781250000000003 0.3359375 0.3578125 0.33593750000000006 0.4234375 0.4234375 0.4234375
0 0.28750000000000003 0.35625 0.228125 0.35625 0.22812500000000005 0.4125 0.2875000000000001 0.4125
0 0.19687500000000005 0.2734375 0.12656250000000005 0.2734375 0.12656250000000005 0.328125 0.19687500000000005 0.328125
0 0.2125 0.2421875 0.14843750000000006 0.2421875 0.14843750000000006 0.296875 0.2125 0.296875
0 0.20468750000000005 0.321875 0.12500000000000006 0.321875 0.12500000000000006 0.40625 0.20468750000000008 0.40625
0 0.07500000000000004 0.2171875 0.012500000000000028 0.2171875 0.012500000000000034 0.3203125 0.07500000000000004 0.3203125
0 0.5890625 0.12500000000000006 0.525 0.12500000000000006 0.525 0.17031250000000006 0.5890625 0.1703125000000001
0 0.6203125 0.08593750000000007 0.5359375 0.08593750000000007 0.5359375 0.13437500000000008 0.6203125 0.13437500000000008
0 0.5140625 0.15312500000000004 0.4515625 0.15312500000000004 0.4515625 0.2250000000000001 0.5140625 0.2250000000000001
0 0.428125 0.15937500000000004 0.3625 0.15937500000000004 0.3625 0.23437500000000006 0.428125 0.23437500000000008
0 0.3421875 0.2046875 0.271875 0.2046875 0.271875 0.271875 0.3421875 0.271875
0 0.253125 0.18125000000000002 0.1609375 0.18125 0.1609375 0.2328125 0.253125 0.2328125
0 0.228125 0.1375 0.1609375 0.1375 0.1609375 0.18906250000000002 0.228125 0.18906250000000005
0 0.3328125 0.07812500000000003 0.24375 0.07812500000000003 0.24375 0.18437500000000004 0.3328125 0.18437500000000004